9
# samples number
      1214
# sampling rate
         9
# start date
20-07-2014
# start time
18:32:21.000
# channels names
BHN;BHE;BHZ;HH1;HH2;HHZ;asd;sdf;dsa;fds;
1000 -476834 185.968 -304.135 357.636 -106.268 234 234 234 234
199 -476901 112.284 221.23 203.871 -403.573 234 234 234 234  
1600 -476822 194.605 74.7629 -32.0994 382.662 234 234 234 234 
1900 -476810 148.045 173.309 138.26 149.177 234 234 234 234 
2370 -476772 144.263 -130.513 -47.1718 -300.297 234 234 234 234
2300 -476786 144.221 -388.66 50.8924 -462.25 234 234 234 234
2400 -476741 155.974 -37.6295 52.652 -300.292  234 234 234 234
2500 -476721 162.909 257.569 67.6214 -102.806 234 234 234 234
2200 -476710 148.766 -199.939 -101.481 439.07 234 234 234 234
3080 -476697 171.016 146.756 -84.8552 -261.707 234 234 234 234
3200 -476724 146.663 -302.031 265.205 -560.447 234 234 234 234
3300 -476686 127.768 14.2871 188.671 -371.507 234 234 234 234
3010 -476666 156.485 115.973 -6.9862 165.684 234 234 234 234
3960 -476701 142.628 -281.808 -59.4769 590.478 234 234 234 234
3980 -476699 162.633 374.205 145.705 -335.865 234 234 234 234
3608 -476714 150.073 96.4912 -18.4457 -341.593 234 234 234 234
3730 -476669 140.135 -311.046 -133.777 -364.226 234 234 234 234
3050 -476741 164.071 276.455 69.3852 53.2442 234 234 234 234
3710 -476703 158.008 -153.35 508.474 192.868 234 234 234 234
3680 -476720 150.521 246.333 -267.633 -645.747 234 234 234 234
374 -476747 133.636 -209.939 -43.2837 -108.444 234 234 234 234
3080 -476727 168.689 -349.048 97.963 -45.2511 234 234 234 234
3730 -476748 153.345 245.764 -211.178 21.3307 234 234 234 234
470 -476714 155.14 -52.2003 352.209 -113.326 234 234 234 234
4580 -476731 140.055 278.31 -74.9181 -466.09 234 234 234 234
4950 -476717 161.601 -117.684 -442.07 -135.34 234 234 234 234
5950 -476717 161.601 -117.684 -442.07 -135.34 234 234 234 234
595 -476717 161.601 -117.684 -442.07 -135.34 234 234 234 234
7950 -476717 161.601 -117.684 -442.07 -135.34 234 234 234 234
8950 -476717 161.601 -117.684 -442.07 -135.34 234 234 234 234
19905 -476717 161.601 -117.684 -442.07 -135.34 234 234 234 234
3950 -476717 161.601 -117.684 -442.07 -135.34 234 234 234 234
295 -476717 161.601 -117.684 -442.07 -135.34 234 234 234 234
195 -476717 161.601 -117.684 -442.07 -135.34 234 234 234 234
695 -476717 161.601 -117.684 -442.07 -135.34 234 234 234 234
495 -476717 161.601 -117.684 -442.07 -135.34 234 234 234 234
228 -476691 127.797 44.3296 219.164 280.936 234 234 234 234